15151
18212
12312
13445
14111
11111
12312312
123123
1231
123
123
213231
41324231
2341
2134
1234
1234
2314

2820.086062196722
2856.087160863063
2835.3365276039917
2884.3380230109565
2819.0860316782127
2882.08795434431
None
2753.8340403454695
2777.5847651600693
2815.5859248634297
2810.0857570116273
2753.0840174565874
2778.3347880489514
2789.835139011811
None
2923.589220862453
None
None
None
None
None
None
None
None
1.3361657765434736
1.4029178136539813
1.3852922757652517
1.417668263801996
1.4015427716910305
1.4060429090243234
1.38354222235786
1.3490411694692832
1.3334156926175726
1.344291024506363
1.3527912839136937
1.3810421460615863
1.370916837061678
1.3956675923947877
1.401042756431776
1.4012927640614032
1.387542344431898
1.3401658986175116
None
1.375166966765343
1.4050428785058138
1.3984176763206884
1.3801671193578906
1.41916830957976
1.4062929166539506
1.3871673329874568
None
1.3529162877285075
1.3122900479140598
1.3509162266914885
1.3414159367656484
1.382292184209723
1.406917935728019
1.4142931608020264
1.4126681112094486
1.3894174016541032
1.4092930082094792
1.4234184392834255
1.3821671803949096
1.3937925351725822
1.3790420850245675
1.340290902432325
1.358166447950682
1.339915890987884
1.3619165623950926
1.3314156315805536
1.3345407269508958
1.4125431073946348
1.4125431073946348
1.355416364024781
1.3730419019135105
None
1.3061648609881893
1.179911008026368
1.2065368205816829
1.191036347544786
None
1.1984115726187932
1.206161809137242
1.2071618396557513
1.191036347544786
1.201786675618763
1.2216622821741385
1.2260374156926175
1.2206622516556291
1.2419129001739555
1.2077868587298197
None
1.2200372325815607
1.179911008026368
1.2439129612109745
1.2329126255073701
1.2141620532853177
None
1.1462849818414869
1.2011616565446943
1.2029117099520859
1.2141620532853177
None
1.2142870571001312
1.2305375530259102
1.2032867213965268
1.2134120303964355
1.2134120303964355
None
1.2176621601001008
1.2390378124332408
1.2114119693594165
1.2264124271370587
1.2185371868037964
1.1982865688039797
1.1045337076937163
None
1.103158665730766
None
1.124784325693533
1.1174091006195257
None
1.081658009582812
None
1.0965334635456405
1.1002835779900508
3.152596209601123
1.1045337076937163
1.0411567735831784
1.0525321207312235
1.054657185583056
1.05715726187933
1.0374066591387676
1.0645324869533372
None
1.1152840357676932
1.1131589709158605
1.1301594897305216
1.1305345011749626
1.1087838373973817
1.103158665730766
1.0862831507309183
1.1384097415082246
1.0810329905087435
1.1164090701010163
1.6075490585039827
1.105408734397412
1.624049562059389
1.087908200323496
1.1454099551377912
1.1072837916196174
1.1166590777306435
1.1305345011749626
None
1.0561572313608203
3.1590964079714348
1.1115339213232824
1.092408337656789
1.0846581011383403
1.124784325693533
1.1112839136936552
1.1409098178044985
1.1022836390270698
None
1.054657185583056
None
None
1.042031800286874
1.0647824945829647
1.057907284768212
1.1016586199530016
1.0407817621387372
1.0859081392864771
1.0695326395458846
1.10703378398999
1.0706576738792077
1.0874081850642414
1.0762828455458235
1.0762828455458235
1.1364096804712056
1.1354096499526964
1.1167840815454575
1.1211592150639362
1.1460349742118596
1.0735327616199226
1.1445349284340953
1.129659474471267
1.1157840510269479
1.1095338602862634
1.101033600878933
1.1140339976195563
1.0994085512863552
1.1034086733603932
1.0960334482863858
1.1085338297677543
1.093533371990112
1.096783471175268
1.0881582079531236
1.0939083834345529
1.1037836848048341
1.057782280953398
1.057782280953398
1.0052806787316506
1.0596573381756036
1.0267813348796044
1.0405317545091097
1.036531632435072
1.052657124546037
1.0636574602496414
1.0536571550645466
1.0720327158421583
1.0671575670644247
1.0502820520645773
1.0744077883236183
1.1171590929898982
1.1166590777306435
1.094283394878994
1.0882832117679373
1.080032959990234
1.088408215582751
1.1059087496566666
1.0472819605090486
1.0525321207312235
1.0381566820276498
1.0930333567308572
None
1.1046587115085298
1.110533890804773
1.1021586352122563
None
1.0845330973235268
1.1152840357676932
1.1012836085085604
1.1180341196935943
1.143909909360027
1.094283394878994
1.1452849513229775
1.1175341044343394
1.0957834406567584
1.087283181249428
None
1.0627824335459457
1.1085338297677543
1.080032959990234
1.1044087038789026
1.1000335703604236
1.1159090548417614
1.0890332346568192
1.0771578722495194
1.0892832422864467
1.0892832422864467
1.0520321054719688
1.094783410138249
1.09753349406415
None
1.08328305917539
1.0865331583605458
None
1.0572822656941436
None
1.0587823114719077
1.036906643879513
None
1.086033143101291
1.072532731101413
None
0.15637977233191933
0.15212964262825404
0.15212964262825404
0.15612976470229195
0.1508796044801172
0.1500045777764214
0.15112961210974457
0.154129703665273
0.15325467696157719
0.156504776146733
0.15775481429486984
0.15537974181340986
0.15537974181340986
0.14325437177648245
0.15675478377636037
0.1611299172948393
0.15875484481337931
0.15875484481337931
0.16012988677632983
0.1591298562578204
0.15350468459120456
0.15237965025788142
0.15987987914670249
0.15375469222083193
0.1547547227393414
0.15600476088747825
None
0.15875484481337931
0.16425501266518144
0.15887984862819302
0.15887984862819302
0.15137961973937195
0.1572547990356151
0.1476295052949614
0.14887954344309826
0.15125461592455824
0.14712949003570666
0.15825482955412457
0.15037958922086248
0.16450502029480882
0.1670050965910825
0.15137961973937195
0.161254921109653
0.15850483718375194
0.14950456251716665
-3.939120212408826
0.15712979522080142
0.15062959685048982
0.16150492873928038
0.15712979522080142
0.15887984862819302
0.15375469222083193
0.14887954344309826
0.15037958922086248
0.14475441755424664
None
0.15887984862819302
0.1475045014801477
0.16000488296151616
0.15575475325785088
0.16137992492446668
0.15275466170232246
None
0.15237965025788142
0.16200494399853513
None
None
None
0.16000488296151616
0.156504776146733
0.15212964262825404
0.1508796044801172
0.15275466170232246
0.15425470748008668
0.154129703665273
None
0.14937955870235298
0.15137961973937195
0.1482545243690298
0.15175463118381297
0.15637977233191933
0.1533796807763909
0.15362968840601826
0.1566297799615467
0.16350498977629932
0.15787981810968355
0.16413000885036774
0.1573798028504288
0.15925486007263406
0.16713010040589618
0.15887984862819302
0.15637977233191933
0.16575505844294566
0.16563005462813196
0.16262996307260352
0.16087990966521193
0.16500503555406354
0.15500473036896878
0.16012988677632983
0.15675478377636037
0.16337998596148565
0.15950486770226144
0.15862984099856564
0.15875484481337931
0.15387969603564564
0.16650508133182776
0.15862984099856564
0.16137992492446668
0.15762981048005617
0.16012988677632983
0.15450471510971403
0.15437971129490036
0.15937986388744776
0.15375469222083193
0.16250495925778985
0.1572547990356151
0.15387969603564564
0.15200463881344034
0.15637977233191933
0.156504776146733
0.15387969603564564
0.15675478377636037
0.15437971129490036
0.15375469222083193
0.15137961973937195
None
0.15387969603564564
0.15175463118381297
0.15600476088747825
None
1.0332815332499161
1.041656788842433
1.0785329142124698
1.125659352397229
1.0940333872493668
1.0777828913235878
1.1069087801751762
1.095533433027131
1.0767828608050785
None
1.036531632435072
1.0350315866573077
1.0294064149906919
None
1.139534775841548
1.0855331278420364
1.07140769676809
1.0386566972869047
1.0506570635090182
1.0371566515091404
None
1.0407817621387372
1.0801579638050478
1.046031922360912
1.0949084139530625
1.0882832117679373
1.0921583300271616
1.096283455916013
1.0716577043977173
1.040906765953551
1.0501570482497635
1.0589073152867214
1.0461569261757255
None
1.0259063081759088
1.0434068422498244
None
1.0842830896938993
1.098658528397473
1.1109089022492142
1.3301655934324168
1.108158818323313
1.0890332346568192
1.094783410138249
None
1.1130339671010467
1.0635324564348279
1.088783227027192
1.0780328989532153
1.1035336771752067
1.046406933805353
1.0446568803979612
1.1601604052858059
1.4789201330607014
-2.4973262123477893
1.5532974028748436
None
None
1.203661732840968
1.2791640369884336
1.2146620685445724
None
1.2791640369884336
1.2754139225440229
1.2875392925809503
1.2561633350627155
1.2897893612475966
1.2685387127292702
1.2414128849147008
1.3011647083956421
1.2756639301736503
1.2771639759514146
1.2771639759514146
1.2586634113589894
1.2675386822107608
1.2527882320627461
1.2772889797662281
1.2887893307290872
1.250038148136845
1.2666636555070652
1.2546632892849514
3.306975920896024
1.2519132053590503
1.2384127933591724
1.249663136692404
1.2605384685811944
1.2406628620258187
1.258788415173803
1.2205372478408154
1.2379127780999177
1.2379127780999177
1.3222903530991545
1.3251654408398694
1.3049148228400524
None
1.3501662038026063
1.3001646778771325
1.2941644947660755
1.3191652577288127
1.3094149601733451
1.296039551988281
1.296039551988281
1.2506631672109134
1.2547882930997651
1.2434129459517198
1.2469130527665029
1.2109119541001616
1.2589134189886166
1.2444129764702292
1.2244123661000397
1.2530382396923736
1.2535382549516283
1.2642885830256052
1.2642885830256052
1.3069148838770714
1.29091439558092
1.318165227210303
1.265413617358928
1.2477880794701988
1.217162144840846
1.2225373088778344
None
None
1.2645385906552324
1.245663014618366
None
1.2580383922849208
1.2467880489516892
1.230287545396283
1.235412701803644
1.2331626331369976
1.2499131443220315
1.2499131443220315
-2.794835291604358
None
1.2749139072847682
None
None
1.2185371868037964
1.2489131138035219
1.2590384228034304
1.265538621173742
1.2710387890255441
1.2514131900997956
1.2539132663960693
1.278664021729179
1.2529132358775597
1.2821641285439618
1.2820391247291483
None
None
1.254038270210883
None
1.2484130985442672
1.2462880336924345
1.2440379650257882
1.2506631672109134
1.2467880489516892
1.2557883236182743
1.2462880336924345
1.2521632129886775
1.2636635639515366
None
None
1.257163365581225
1.238162785729545
1.2271624500259408
1.255538315988647
1.269788750877407
1.2730388500625631
1.2536632587664418
1.2484130985442672
1.2266624347666861
1.2907893917661062
None
None
1.2384127933591724
None
1.288039307840205
1.2809140903958252
1.2867892696920682
1.2947895138401442
1.3036647846919156
1.3017897274697103
1.268288705099643
1.2997896664326913
1.2850392162846767
1.309164952543718
1.3136650898770104
1.3019147312845243
1.3019147312845243
1.2570383617664114
1.248038087099826
None
1.2839141819513535
1.2181621753593557
1.1642855311746574
1.1146590166936248
None
1.0509070711386457
0.9554041566209907
None
0.8302753379924925
0.7952742698446608
1.7625537888729514
0.7356474501785333
0.7285222327341533
0.7305222937711723
0.7241470992156743
0.7461477706228828
0.7656483657338176
0.7031464583269753
0.6947712027344585
0.7560230719931639
0.7267721793267616
0.7338973967711417
0.7550230414746544
0.7393975646229438
0.7402725913266396
None
0.7212720114749597
0.7616482436597797
0.7316473281044954
0.7326473586230048
0.7463977782525102
0.7232720725119786
0.7268971831415754
None
None
0.7388975493636891
0.7332723776970733
0.7400225836970122
0.7668984038819544
0.7440227057710501
0.7623982665486618
0.7220220343638416
None
0.7713985412152471
0.7666483962523271
0.7608982207708975
0.7577731254005555
0.7581481368449965
0.746897793511765
0.7647733390301218
0.7540230109561449
0.7613982360301523
0.7430226752525406
0.7487728507339702
0.7615232398449661
0.7697734916226692
0.7597731864375744
None
0.7540230109561449
0.7688984649189733
0.7688984649189733
0.773773613696707
0.7731485946226387
0.7378975188451796
0.7960242927335429
0.747272804956206
0.7792737815485091
None
0.7321473433637501
0.7378975188451796
0.7265221716971344
0.7236470839564195
None
0.7331473738822596
0.7576481215857418
None
0.7612732322153386
0.7297722708822901
None
0.7442727134006775
0.7376475112155522
0.7346474196600238
0.7557730643635365
0.7453977477340007
0.754773033845027
0.7588981597338785
0.7475228125858333
0.752022949919126
None
0.7450227362895596
0.7557730643635365
0.7338973967711417
0.7501478926969207
0.744897732474746
0.7188969389934996
0.7605232093264566
0.7602732016968291
0.7463977782525102
0.7386475417340617
0.7546480300302133
0.7387725455488754
0.7545230262153997
0.7070215765861995
0.7217720267342143
0.7398975798821986
0.8907771843623158
0.8050245674001282
0.8566511429181799
0.8634013489181188
None
0.9924052858058412
1.0756578264717551
1.1239092989898374
1.1994116031373028
1.2251623889889218
1.240537858211005
1.2910393993957334
1.2756639301736503
1.3377908261360516
1.33604077272866
1.4005427411725213
1.347166112247078
1.4256685079500717
1.3891673940244758
1.4134181340983307
1.4294186223944823
1.4184182866908779
1.4157932065797907
1.3735419171727652
1.3825421918393506
1.4052928861354412
1.4001677297280801
1.3761669972838526
1.4082929776909696
1.3640416272469253
1.4116680806909392
1.3914174626911222
None
1.360541520432142
1.3704168218024233
1.3696667989135412
None
1.3881673635059664
1.3841672414319286
1.3941675466170234
1.399417706839198
1.3975426496169927
1.3847922605059968
1.3676667378765222
1.392667500839259
None
1.3834172185430464
1.3912924588763085
1.3692917874691002
1.3856672872096927
1.3884173711355938
1.416043214209418
1.3832922147282327
1.3745419476912748
1.3555413678395947
1.3871673329874568
1.3782920621356853
1.3534163029877622
1.3409159215063937
1.368541764580218
1.3795421002838222
None
None
1.3755419782097842
1.3854172795800654
None
1.3869173253578295
1.4139181493575854
1.405417889950255
None
1.375291970580157
1.3996677144688254
1.417168248542741
1.3921674855800044
1.408917996765038
1.4312936796166877
1.399417706839198
1.3774170354319895
1.3920424817651906
1.4086679891354106
1.4247934812463758
1.4775450910977508
None
1.4100430310983612
1.418793298135319
1.418793298135319
1.406917935728019
None
None
1.3786670735801263
1.3817921689504684
1.4015427716910305
1.372916898098697
1.3867923215430158
1.4150431836909085
1.4090430005798518
1.4142931608020264
1.4229184240241708
1.3856672872096927
1.3606665242469558
None
1.3782920621356853
1.3847922605059968
1.3811671498764
1.3934175237281412
1.3894174016541032
1.4066679280983916
1.4064179204687641
1.3949175695059055
1.4020427869502854
1.3684167607654043
1.5231714835047456
1.3900424207281719
1.376792016357921
1.3922924893948179
1.3957925962096012
1.3642916348765526
None
1.3805421308023316
None
None
1.4181682790612506
1.4217933896908477
1.4060429090243234
1.4135431379131442
1.3735419171727652
1.4272935575426497
1.3809171422467728
1.3820421765800959
1.3852922757652517
1.3425409710989715
1.368916776024659
1.3770420239875485
1.3741669362468338
1.3676667378765222
1.346791100802637
None
1.401792779320658
1.3627915890987885
1.3854172795800654
1.3914174626911222
1.4044178594317454
1.409793023468734
1.3695417950987274
1.3415409405804621
1.3777920468764306
1.36454164250618
1.3799171117282631
1.3479161351359599
1.3735419171727652
1.348791161839656
None
1.3765420087282938
1.3696667989135412
1.384417249061556
1.3944175542466506
1.3805421308023316
1.3591664784691917
1.3975426496169927
1.3770420239875485
1.3962926114688559
1.341915952024903
1.3715418561357462
1.3721668752098148
1.4020427869502854
1.3949175695059055
1.386292306283761
1.3730419019135105
1.3632916043580432
1.3916674703207497
1.3925424970244453
1.4257935117648854
1.4217933896908477
1.4250434888760033
1.4260435193945127
1.412793115024262
None
1.4061679128391371
None
1.3922924893948179
1.4062929166539506
1.4062929166539506
1.3666667073580125
1.3591664784691917
1.3675417340617084
1.3987926877651295
1.3750419629505295
1.3670417188024537
1.375291970580157
1.391917477950377
1.4095430158391065
1.3849172643208107
1.5210464186529131
1.3656666768395032
1.3529162877285075
1.3995427106540117
1.3871673329874568
1.397042634357738
1.3872923368022707
1.405417889950255
None
1.3795421002838222
1.3896674092837307
1.382417188024537
1.36691671498764
1.375166966765343
1.3430409863582262
1.3542913296914578
1.3650416577654347
1.3702918179876094
1.3757919858394116
1.3861673024689474
1.3761669972838526
1.3921674855800044
1.3991676992095705
1.3790420850245675
1.3856672872096927
1.4044178594317454
1.3995427106540117
1.4259185155796992
1.4285435956907866
1.4076679586169012
1.408542985320597
1.3935425275429547
1.4190433057649465
1.4064179204687641
None
1.3820421765800959
1.3969176305429243
1.4024177983947264
1.4009177526169623
1.3805421308023316
1.3691667836542862
1.355416364024781
1.3761669972838526
1.360166508987701
1.3807921384319588
1.3742919400616473
1.3394158757286294
1.3731669057283242
1.4104180425428021
1.3909174474318675
1.364166631061739
None
1.3707918332468643
1.3909174474318675
1.4005427411725213
1.364166631061739
1.3871673329874568
1.4000427259132666
1.4115430768761255
1.4005427411725213
1.4062929166539506
1.38354222235786
1.4060429090243234
1.4095430158391065
1.4107930539872433
1.3965426190984833
1.4020427869502854
1.387542344431898
1.376792016357921
1.372916898098697
1.3889173863948485
1.3616665547654654
None
1.3781670583208716
1.3477911313211464
1.3722918790246283
1.3734169133579517
1.375166966765343
1.38591729483932
1.401042756431776
1.387542344431898
1.392667500839259
1.3949175695059055
1.3901674245429854
1.414918179876095
1.4150431836909085
-2.721208044679098
1.403792840357677
1.4079179662465284
1.4104180425428021
1.3909174474318675
1.3944175542466506
1.3585414593951233
1.3646666463209938
1.3867923215430158
1.3642916348765526
1.361416547135838
1.3805421308023316
1.3514162419507432
None
1.36454164250618
1.40254280220954
1.374916959135716
1.374916959135716
None
1.3655416730246894
1.3626665852839748
1.3654166692098757
1.3492911770989104
1.3136650898770104
1.368541764580218
1.372916898098697
1.3782920621356853
1.379167088839381
1.382292184209723
1.410918057802057
1.3755419782097842
1.4159182103946044
1.4186682943205053
1.3857922910245064
1.3975426496169927
None
None
None
None
None
None
0.03186723416859275
0.0012
0.005362301937159758
None
-4.97923983964893e-05
0.0068177727211914535
0.003073735101898863
0.004218232173194496
0.0008875995751856711
0.006609890701059123
0.008376437610327551
0.0012
0.3814367941813188
0.08033179390023468
0.0002627033759874266
-0.0021339097980301886
0.0032818572616879317
-0.0008832698479040362
-0.005367083390971999
0.0032818572616879317
0.0032818572616879317
0.004218232173194496
0.007129569265398397
-4.97923983964893e-05
-4.97923983964893e-05
0.005362301937159758
0.0012
0.003073735101898863
0.0032818572616879317
0.0049463260089626804
0.0006793149679817506
0.5723299863019744
0.8074333671992832
0.7908370685524077
0.4841729509517742
0.16220133867684883
0.05435769506203857
0.058651578174867755
0.03876585967815971
0.2563863969205374
0.5477506597041016
0.53551312666911
0.5567546438198687
None
0.5307150283684149
0.5292817953026986
0.5263278077102291
0.5301249971779433
0.5223542192376742
0.5302935951754056
None
0.5179488185948872
0.5349245045333889
0.5174398886611001
None
0.5334101101760738
0.42367285992944365
0.1111975962243527
0.004530293577316959
0.0034899652956148384
0.321243962122445
0.06304124284663233
-0.006828338715558645
0.0012
0.0010958700565274306
0.002553367901779237
0.0032818572616879317
-0.0008832698479040362
0.08134570681969563
0.08327116844791513
0.07291953101331544
0.2948853356951545
0.24399608284338797
None
0.22404744224327766
None
None
0.2293371818124521
0.21198557787146233
0.2289528336896336
0.21884348665409412
0.23106604913495837
0.22664555838030112
0.21430573596708566
0.20956658349921123
0.2201936491357152
0.21063121294584833
0.2230845236862181
0.21536846195379653
0.21411246715135893
0.21652731205160017
0.2126625007715521
0.2225066030416364
None
0.21237241214602118
0.21063121294584833
0.21101824498247743
0.206757784889882
0.22298821240745167
0.21208229173730034
0.21169541508515502
0.22279557925552215
0.2195186544158104
0.23269781766188266
0.2202900628269823
0.2386403249068515
None
0.2290489260175366
0.22539493493695031
0.23077798403918198
0.23461623869836729
0.2376827741774131
0.23336942570633437
0.21681694511807648
0.2293371818124521
None
0.2186505497961282
0.23269781766188266
0.2353832115888206
0.23221799168616525
0.21585137796186168
0.23020175849805963
0.21681694511807648
0.21043767573874056
0.23835309676840816
0.22356602710806708
0.21304923616507582
None
1.2532882473220008
1.2535382549516283
1.2382877895443587
1.2312875759147923
1.2441629688406017
None
1.270288766136662
1.306789880062258
1.2782890102847377
1.2847892086550494
1.267788689840388
1.2541632740256965
1.267913693655202
1.2075368511001923
1.2376627704702903
1.252038209173864
1.227912472914823
1.2462880336924345
1.2705387737662892
1.2787890255439924
None
1.259538438062685
0.8804856711126573
None
None
0.9979536111068027
0.8437773040269054
0.8571407035442153
0.8547837537294661
0.8483159476958454
0.8558934151145036
0.8624634099361023
0.8605993901353295
0.8816422032588974
0.8752344804294263
None
0.8957773429057151
0.8694133973531474
None
0.8485947615024587
0.8619113761642915
0.8619113761642915
0.8755761025012256
0.8865968874931585
0.8772828885606443
0.8807578881416414
1.1485496457242164
0.9045585215400623
0.8271731056512329
0.8371170626034253
0.8371170626034253
0.7039035832602756
0.7122405170636259
0.7078860697158228
0.7250079329689658
0.696141083314658
0.691744364324338
0.6874910392619197
0.7101029240712934
0.6879555574850723
0.6769278597058664
0.7128507493875402
0.7022158105315173
0.6935198598076687
0.694753885283172
0.7076565704445662
0.6922077171638624
None
0.6986813079774631
0.717344232834768
0.7041336016569665
0.7133845172690243
0.7144515339065584
1.4962137299664835
0.7239477885633733
0.7027530145289721
0.7120879236679918
0.7064320375484351
0.7087272951209174
0.7162790949369016
0.7127744827071804
None
0.7249322313230923
0.7329369531799474
0.7238720374769821
0.7138418948688547
0.7149086148632833
0.7203836699887461
0.7087272951209174
0.7194724321287634
0.7096445082205942
1.4444092402311957
None
1.3729682939515222
1.3625706294235147
1.3653671465866306
1.3955160697658386
1.377923154998485
1.3780778778678398
1.393360480425113
1.4206641686437165
1.466627108835846
1.4509241373668604
1.442740540947821
1.354946294455886
1.354946294455886
1.284610719422512
1.2936581898453252
1.2988857105848255
1.3283630436163345
1.3222357481539952
1.275380966573268
1.2885817333768799
1.2661274540238692
1.2745841858125502
1.0701853998875595
0.6836298908654859
None
-0.01741622524706271
0.0024
None
1.483902031558266
1.6465504451908841
1.6496713154794993
1.6207444375416602
1.6237503704516971
1.6308948168681645
None
2.1891198722083445
1.6365976607253934
1.6266102678976082
1.6233211421636882
1.635030505202163
1.6000484185373143
1.5988943454416427
1.6296101196239847
1.607395008342411
None
None
1.6127133887688194
1.6203147642889932
1.615584163128594
1.585590015358447
1.4916826337164346
1.299044000234376
1.2610118971689621
0.9698973236770533
0.5152442916620653
0.5412175047741132
0.5529282343767078
0.5781457705262049
0.5410283995562584
0.547642879737182
0.5523622112395312
0.5423519877596891
0.5711953939296753
0.5591502935045879
0.5448091619564482
0.9003929236441259
0.9003929236441259
0.9173515339558045
0.7598018028246941
0.7156702209659623
0.7619703339158809
0.7164000428389321
0.7413282246683056
0.7351540357861844
0.7366075206562217
0.727151789007823
0.7078174987396803
0.6939063301839986
0.7278798310221606
0.7293355760301437
0.7520228811652726
0.7570897087171671
0.7136626281234811
0.7356991455844316
2.770228927478196
0.7376973376656444
None
0.7078174987396803
0.7249669849234268
0.7453189372970734
0.46976433606982637
0.4773895687734611
0.45976403088473156
0.47026435132908107
0.47026435132908107
0.4618890957365643
0.45188879055146947
0.46076406140324105
0.48401477095858636
0.48151469466231267
0.48251472518082217
0.48913992736594747
None
0.4568889431440169
0.4626391186254463
0.4735144505142369
0.4662642292550432
0.4566389355143895
0.46738926358836635
0.48051466414380317
0.4791396221808527
0.47251441999572746
0.4830147404400769
None
0.47801458784752954
0.44876369518112735
None
0.4738894619586779
0.47626453444013794
0.47313943906979583
None
0.45863899655140844
0.46638923306985686
0.44276351207007053
0.49801519821771906
0.46013904232917263
None
0.46988933988464004
0.4443885616626484
0.4356382946256905
2.5032013916440325
0.471889400921659
0.4763895382549516
0.4648891872920926
0.9877801446577349
0.47051435895870847
0.4546388744773705
0.48188970610675375
0.47963963744010746
0.4565139316995758
0.4672642597735527
0.46676424451429793
0.44463856929227574
0.4583889889217811
0.4566389355143895
0.4517637867366558
0.4921400189214759
0.4792646259956664
0.46701425214392533
0.4640141605883969
None
0.46513919492172
None
None
0.4893899349955748
0.5422665486617634
0.5030153508102664
0.5135156712546158
0.8013994567705314
0.6037684255500961
0.6597701345866268
0.6888960234382153
0.6613951841792047
0.6943961912900174
0.7742736289559617
None
0.7092716452528459
0.7161468550675986
0.7047715079195532
0.7165218665120395
0.721897030549028
0.7116467177343059
None
0.7333973815118869
0.7203969847712638
None
0.7272721945860164
0.7146468092898344
0.6807707754753257
0.7098966643269143
0.6958962370677816
0.6883960081789605
0.7123967406231879
0.6952712179937133
0.7068965727713858
0.7112717062898648
0.6713954893642995
None
0.7187719351786859
0.7260221564378796
0.7323973509933774
0.7298972746971039
0.7252721335489976
0.7123967406231879
0.7123967406231879
0.7166468703268533
0.7180219122898037
0.7278972136600849
0.7155218359935301
0.733772392956328
-3.384103274636067
0.7072715842158269
0.7463977782525102
0.708021607104709
0.7235220801416059
0.7161468550675986
0.7318973357341227
0.7248971221045565
0.7435226905117954
0.7263971678823207
0.7090216376232185
None
0.7120217291787468
0.6846458937345501
0.68702096621601
0.7045215002899259
None
0.7250221259193701
0.7453977477340007
0.729022247993408
0.7020214239936522
None
0.7088966338084048
0.7181469161046174
0.717521897030549
0.703271462141789
0.9795298928800318
1.2814141056550796
1.3266654866176335
1.1967865230262154
None
1.3591664784691917
1.4001677297280801
1.378042054506058
1.3567914059877317
1.3710418408764915
1.3512912381359294
1.3395408795434431
1.311790032654805
1.2910393993957334
1.2497881405072175
1.2371627552110356
1.2359127170628987
1.2421629078035827
None
1.2609134800256354
1.2506631672109134
1.267788689840388
1.267788689840388
1.2210372631000703
None
1.2491631214331493
3.309475997192297
1.2652886135441146
1.2660386364329965
1.2675386822107608
1.2981646168401135
1.276538956877346
1.487795403912473
1.2759139378032778
1.2414128849147008
1.2632885525070956
None
1.27666396069216
1.2817891170995208
1.3014147160252694
1.3255404522843106
1.3147901242103337
1.3377908261360516
1.3222903530991545
1.3310406201361125
1.375291970580157
1.3534163029877622
1.3809171422467728
None
1.3890423902096622
1.3991676992095705
1.4050428785058138
1.4224184087649159
1.3909174474318675
1.3909174474318675
1.3817921689504684
1.3797921079134496
1.4134181340983307
1.380417126987518
1.3847922605059968
1.3935425275429547
1.3900424207281719
1.375291970580157
None
1.3761669972838526
1.3931675160985137
1.394667561876278
1.421293374431593
1.4032928250984222
None
1.3414159367656484
1.3679167455061494
1.3735419171727652
None
1.467169774468215
1.3444160283211768
None
1.3616665547654654
1.3414159367656484
1.3639166234321116
1.334415723136082
1.381542161320841
1.3742919400616473
None
1.3666667073580125
1.331665639210181
1.3172902005066074
1.346666096987823
1.3915424665059357
1.3575414288766137
1.3575414288766137
1.3616665547654654
1.3930425122837
1.383667226172674
1.3745419476912748
1.3440410168767358
None
1.331665639210181
1.3545413373210853
1.342415967284158
1.3381658375804926
1.3557913754692221
None
1.345166051210059
1.3569164098025452
1.3586664632099368
None
0.00500015259254738
0.0006250190740684225
0.010750328073976868
0.01750053407391583
0.0006250190740684225
1.02865639210181
0.004625141148106326
-0.012625385296182135
0.0006250190740684225
-0.00250007629627369
-0.00250007629627369
0.006250190740684225
0.007625232703634755
None
0.0
0.007625232703634755
0.007625232703634755
None
0.012625385296182135
1.3234153874324777
None
1.5520473647267068
1.06190740684225
0.5850178533280435
0.23988232062746057
0.1525046540726951
0.7187719351786859
0.7126467482528154
0.7137717825861385
0.7141467940305796
0.7327723624378185
0.7161468550675986
0.7233970763267922
0.7201469771416364
0.7216470229194005
0.7303972899563586
0.7081466109195227
0.7066465651417585
0.7110216986602373
0.7275222022156438
0.759148167363506
None
0.7113967101046784
0.7197719656971954
0.7007713858455152
0.6878959929197058
None
0.7415226294747765
None
0.6901460615863522
0.6888960234382153
0.6955212256233405
0.7778987395855587
1.175160863063448
1.1536602069154944
1.1481600390636921
1.1987865840632344
-2.9052136600848413
1.2002866298409987
1.1686606646931363
None
1.1906613361003449
1.1789109775078586
1.2315375835444198
1.2177871639149145
1.177535935544908
1.1790359813226723
1.2216622821741385
1.2154120914334545
1.1939114352855007
1.1911613513595996
1.1725357829523606
1.1811610461745048
1.1901613208410902
1.4285435956907866
1.1747858516190068
1.1927864009521776
1.1761608935819576
None
1.1886612750633259
1.234287667470321
1.218412182988983
1.2371627552110356
0.010349605806530432
0.0076491595430991655
0.012528992702596185
0.009311255145530859
0.013773657413028212
0.011698933711731611
-0.009543934966157639
None
-0.006828338715558645
0.0032818572616879317
0.001304126412007029
-0.0005706893183471545
0.01688309436581792
-0.0021339097980301886
0.002657448404734243
0.2045280052109175
0.22375860375654796
0.2707033014645185
0.7141467426394308
0.6989889526687473
0.4334029686333764
0.27183761493974834
0.25534029707359013
0.3951241243251964
0.3932379691388008
0.44185978073463744
0.454134291904918
0.5675381410761989
0.5528413056808961
0.5699355486703462
0.5569209958052476
0.5643922148799589
0.5643922148799589
0.5444890980496591
0.561904986840708
0.555673011597016
0.5804817256098005
0.5745566205158867
0.5629002594546868
0.5490871824354455
None
0.5431494676286399
0.5431494676286399
0.5575031165129088
None
0.5729075090415024
0.5747214539710831
0.5738971454364791
0.56695901151985
0.5586668388027974
0.5625685584201424
0.5473328109486159
0.5615731162958179
0.5621538526689875
0.5525078954170304
0.5489201665345452
None
0.5341674503790858
0.5519242914938419
0.5511736893270809
0.5499220500520153
0.5399642220950747
0.5540077966397681
0.20045141317278062
0.01636507559028257
0.009622797424218904
None
-0.005158389133765409
0.005362301937159758
0.007753067004242698
[0.2587578966643269, 0.20917933957464976]
[-0.005250160222174749, -0.0031764982176780776]
[-0.001250038148136845, 0.00015854164932499492]
[0.00612518692587054, 0.006298041184869075]
[0.005125156407361065, 0.005466287090545176]
[0.005750175481429487, 0.005986159885489165]
[0.012000366222113713, 0.011180032069811194]
[-0.00500015259254738, -0.0029679522820241777]
[-0.007625232703634755, -0.005158389133765409]
[0.004000122074037904, 0.004530293577316959]
[0.036376110110782185, 0.03135177570557409]
[0.0008750267036957915, 0.0019288107232728578]
[0.013250404370250556, 0.012217747067013519]
[-0.012875392925809505, -0.009543934966157639]
[0.0006250190740684225, 0.0017205967453797425]
[-0.0023750724814600053, -0.0007790728065862017]
[0.13675417340617085, 0.11300293390166775]
[-0.00500015259254738, -0.0029679522820241777]
[-0.018125553147984252, -0.013935710303762889]
[0.008250251777703178, 0.008064768198880056]
[0.012875392925809505, 0.011906469648240997]
[-0.00500015259254738, -0.0029679522820241777]
[0.016750511185033724, 0.015121470319512617]
[-0.001000030518509476, 0.00036686157118431806]
[0.0011250343333231605, 0.002137010575303812]
[-0.00250007629627369, -0.0008832698479040362]
[0.025125766777550587, 0.022058426356053575]
[0.009875301370281076, 0.009415106103225749]
[-0.009250282296212652, -0.006515154305394376]
[-0.007625232703634755, -0.005158389133765409]
None
[0.006250190740684225, 0.006401994555064631]
[0.007125217444380017, 0.007129569265398397]
[0.00500015259254738, 0.005362301937159758]
[0.030250923184911648, 0.026295610639081448]
[-0.004125125888851589, -0.002238152748400046]
[0.005250160222174749, 0.005570268712465055]
[0.0, 0.0012]
[0.00500015259254738, 0.005362301937159758]
[0.018125553147984252, 0.016261461240778877]
[0.005250160222174749, 0.005570268712465055]
[0.015125461592455824, 0.013773657413028212]
[0.0, 0.0012]
[0.007625232703634755, 0.007545248550490093]
[0.017375530259102146, 0.015639700982980387]
[0.7298972746971039, 0.5490036762507282]
[0.7312723166600544, 0.5499220500520153]
None
None
[0.8507759636219367, 0.6281047470457909]
[0.8013994567705314, 0.596192504397585]
[0.7676484267708366, 0.5740620353951241]
[0.7765236976226081, 0.5799064771340804]
[0.7678984344004639, 0.5742269112279071]
[0.7743986327707755, 0.5785087247026471]
[0.7743986327707755, 0.5785087247026471]
None
None
[0.5631421857356487, 0.4344618500046663]
[0.8489009063997315, 0.626902954406826]
[0.8472758568071536, 0.6258607580596613]
[0.724647114474929, 0.5454932275792128]
[0.7130217596972563, 0.5376979224602142]
[0.6882710043641469, 0.5209997284096616]
[0.743647694326609, 0.5581681854337325]
[0.743647694326609, 0.5581681854337325]
[0.7311473128452407, 0.5498385791819532]
[0.7306472975859859, 0.5495046603870497]
[0.7253971373638112, 0.5459951016448505]
None
[0.7120217291787468, 0.5370259318669318]
[0.7336473891415143, 0.5515073256047411]
[0.7067715689565721, 0.5334942732133817]
[0.706396557512131, 0.5332417735070614]
None
None
None
[0.7275222022156438, 0.5474163877626441]
[0.7330223700674459, 0.5510902714290019]
None
[0.7281472212897122, 0.5478342188608023]
[0.7027714468825342, 0.5307993044126201]
[0.7305222937711723, 0.54942117185966]
[0.7252721335489976, 0.5459114647959081]
[0.6995213476973785, 0.5286069795369839]
[0.6841458784752953, 0.518203235886996]
[0.7051465193639943, 0.5323998782740665]
None
[0.731022309030427, 0.5497551047804256]
None
[0.6906460768456069, 0.5226080856211588]
[0.7196469618823818, 0.5421441515266646]
[0.7172718894009217, 0.5405513610152689]
[0.6905210730307931, 0.5225234670247961]
[0.7287722403637806, 0.5482519616723218]
[0.7001463667714469, 0.5290287658765472]
[0.7095216528824733, 0.5353449665733745]
[0.7067715689565721, 0.5334942732133817]
[0.7152718283639028, 0.5392090749321634]
[0.7272721945860164, 0.5472492306031221]
None
[0.7240220954008606, 0.545074902075879]
[0.3887618640705588, 0.3079602888447909]
[0.059501815851313825, 0.0503649399360192]
[0.01387542344431898, 0.012736472135656925]
[-0.000500015259254738, 0.0007834590373164811]
[-0.004625141148106326, -0.0026551598645348784]
[-0.00250007629627369, -0.0008832698479040362]
[-0.00500015259254738, -0.0029679522820241777]
[-0.008625263222144231, -0.005993250917764739]
[0.010125308999908446, 0.009622797424218904]
[0.01887557603686636, 0.01688309436581792]
[0.008125247962889492, 0.007960871332133143]
[0.017375530259102146, 0.015639700982980387]
[0.0, 0.0012]
[0.008500259407330547, 0.00827255133797726]
[0.014750450148014772, 0.013462538910205]
[-0.0015000457777642141, -4.97923983964893e-05]
[-0.003750114444410535, -0.0019254344916870938]
[0.022750694296090578, 0.02009284021636563]
[0.022750694296090578, 0.02009284021636563]
[0.006625202185125278, 0.006713833476858058]
[0.004625141148106326, 0.00505032528821026]
[-0.010625324259163182, -0.007663652527147128]
[0.0060001831110568565, 0.0061940842832079795]
[-0.0043751335184789575, -0.0024466492435363824]
None
[0.004125125888851589, 0.004634306982426701]
[0.00612518692587054, 0.006298041184869075]
[-0.014500442518387403, -0.01090262831797159]
[-0.011250343333231605, -0.008185838432019988]
[0.017625537888729517, 0.015846968528108712]
[-0.007625232703634755, -0.005158389133765409]
[0.023750724814600055, 0.020920610817560113]
[-0.008375255592516862, -0.005784514282971664]
[-0.008375255592516862, -0.005784514282971664]
[0.007625232703634755, 0.007545248550490093]
[-0.00250007629627369, -0.0008832698479040362]
[0.003500106814783166, 0.004114204642222594]
[-0.007625232703634755, -0.005158389133765409]
[-0.00250007629627369, -0.0008832698479040362]
[0.0068752098147526475, 0.006921708434059309]
[-0.0088752708517716, -0.006202001678419974]
[0.005375164036988434, 0.005674246802919392]
None
[0.004750144962920011, 0.0051543210359922985]
[0.0068752098147526475, 0.006921708434059309]
[-0.004500137333292642, -0.002550902788302861]
None
[0.0007500228888821071, 0.0018247055000590704]
[0.0060001831110568565, 1.329149511000767]
None
[-0.004625141148106326, 1.348459257234995]
[-0.0007500228888821071, 1.3413661329743731]
[-0.000250007629627369, 1.3404551351433227]
[-0.01662550737022004, 1.370794653954716]
[-0.0018750572222052675, 1.3434194248732116]
[0.0018750572222052675, 1.3365942165843845]
[0.00500015259254738, 1.3309482252419045]
[0.015500473036896879, 1.3122552525217208]
[0.015625476851710562, 1.312035293851963]
[0.005250160222174749, 1.3304981829094176]
[0.0, 1.34]
[0.018500564592425304, 1.3069929779688487]
[0.00750022888882107, 1.326458715083112]
[0.006250190740684225, 1.328700438727487]
[0.017625537888729517, 1.3085242006390945]
[0.010125308999908446, 1.3217708300719133]
[-0.00500015259254738, 1.349148780678777]
[0.001000030518509476, 1.3381818845747264]
[-0.007625232703634755, 1.3539907232177575]
[-0.008250251777703178, 1.355147507544947]
[0.0, 1.34]
None
[0.0, 1.34]
[0.015125461592455824, 1.3129154923031972]
[0.0008750267036957915, 1.3384089368024341]
[0.0030000915555284282, 1.3345572944346609]
[0.012000366222113713, 1.318438710527315]
[0.00612518692587054, 1.3289249445497768]
[0.0030000915555284282, 1.3345572944346609]
[0.015750480666524246, 1.3118153958109056]
[-0.02112564470351268, 1.379314481516823]
[-0.004125125888851589, 1.3475407414450917]
[0.007375225074007386, 1.3266826146183976]
None
[0.022750694296090578, 1.2995978689175662]
[0.01525046540726951, 1.3126953517473379]
[0.009500289925840021, 1.3228845680218009]
[0.02050062562944426, 1.303504196117737]
[0.02050062562944426, 1.303504196117737]
[0.015125461592455824, 1.3129154923031972]
[-0.0013750419629505295, 1.3425062444089457]
[-0.012625385296182135, 1.363287437925573]
None
[-0.0161254921109653, 1.3698528567438493]
[1.0215311746574298, 1.505253587269635]
[1.049532029175695, 1.5667956186156]
[1.0029056062501907, 1.4660019274178941]
[0.8940272835474715, 1.2634828243745078]
[0.5763925901058992, 0.9354886167894985]
[0.5572670064394055, 0.9282342902241987]
[1.057782280953398, 1.585508755228824]
[1.0480319833979308, 1.5634216043722673]
[0.6045184484389783, 0.9487349795770147]
[0.6400195318460646, 0.9698369542604067]
[0.6298942228461561, 0.9633199744514241]
[0.6480197759941405, 0.9752674900448867]
[0.7776487319559313, 1.097870155446781]
None
[0.7705235145115512, 1.0894377872345284]
[0.7871490218817713, 1.109419730515069]
[0.8017744682149723, 1.1278845257386696]
[0.7778987395855587, 1.098169605108957]
[0.8096497085482346, 1.138170872513561]
[0.777398724326304, 1.0975709482994063]
[0.7430226752525406, 1.0587391611628947]
[0.7626482741782892, 1.0803469778033323]
[0.7438977019562365, 1.0596707369326426]
[0.7627732779931029, 1.0804893968760192]
[0.7982743614001893, 1.1233900570252828]
[0.7766487014374218, 1.0966747819460934]
[0.7978993499557482, 1.122911326040561]
[0.789649098178045, 1.1125172959275536]
[0.7760236823633534, 1.0959296439409278]
None
[0.7843989379558702, 1.1060404190209325]
[2.834211493270669, 11.765279372107239]
None
[0.7830238959929198, 1.1043617673829917]
[-3.3413519699697867, 29.080648580553703]
[0.7425226599932859, 1.0582081659830191]
None
[0.7545230262153997, 1.0712197866411075]
[0.752022949919126, 1.0684629545250153]
[0.7693984801782281, 1.0881243673987253]
[0.7597731864375744, 1.0770880726528549]
[0.7597731864375744, 1.0770880726528549]
None
[0.8163999145481734, 1.1471792672423982]
[0.7725235755485702, 1.091784881571596]
[0.7961492965483565, 1.1206844629272104]
[0.7856489761040071, 1.10757283197806]
[0.7957742851039156, 1.1202088240062107]
[0.798399365215003, 1.1235497552775908]
[0.7780237434003724, 1.0983194208830955]
[0.7370224921414839, 1.0524312429120402]
[0.7713985412152471, 1.0904627312029322]
[0.7368974883266702, 1.052301313351641]
[0.761898251289407, 1.0794937365699206]
[0.7765236976226081, 1.0965256330876594]
[0.6840208746604817, 1.0027780486422266]
[0.2332571184423353, 1.0210252780447517]
[0.07962743003631703, 1.2073787009054289]
[-0.020375621814630575, 1.3778890536734334]
[0.008125247962889492, 1.3253401268371905]
None
None
None
[-0.01387542344431898, 1.3656267737776333]
None
[-0.01112533951841792, 1.3604882378915568]
[-0.0026250801110873747, 1.344791014430623]
[0.013625415814691611, 1.3155619080121403]
[-0.004750144962920011, 1.3486890377542218]
[-0.003750114444410535, 1.3468524912040187]
[0.00500015259254738, 1.3309482252419045]
[-0.003250099185155797, 1.3459356730177274]
[0.017375530259102146, 1.308962238488897]
[0.06687704092532121, 1.226960510405594]
[0.006250190740684225, 1.328700438727487]
[0.01112533951841792, 1.3199920020445155]
[0.00637519455549791, 1.3284759935338974]
[0.019750602740562152, 1.304810670450891]
[0.00500015259254738, 1.3309482252419045]
[0.010125308999908446, 1.3217708300719133]
[0.00500015259254738, 1.3309482252419045]
[0.007625232703634755, 1.326234876176527]
[0.022750694296090578, 1.2995978689175662]
[0.005500167851802118, 1.3300483830917322]
[0.012625385296182135, 1.31733103544747]
[-0.00500015259254738, 1.349148780678777]
[0.0, 1.34]
[-0.00500015259254738, 1.349148780678777]
[-0.0028750877407147436, 1.3452486959793635]
[0.011375347148045289, 1.3195479013246705]
-0.007000213629566332
None
-0.005750175481429487
0.012625385296182135
-0.005250160222174749
0.021375652333140052
0.00500015259254738
0.002000061037018952
-0.0011250343333231605
-0.00975029755546739
0.001000030518509476
0.0
0.005875179296243172
0.011250343333231605
-0.001250038148136845
0.005375164036988434
0.0030000915555284282
0.013250404370250556
-0.022750694296090578
0.00250007629627369
0.00500015259254738
None
0.014000427259132664
0.022750694296090578
None
0.33601025421918396
None
0.6800207525864437
None
None
0.13237903988769187
0.509890560625019
0.5013903012176886
0.4521387981810968
0.43276320688497577
0.38963689077425456
0.37513644825586717
0.885902035584582
0.3373852961821344
0.3422604449598682
0.3267599719229713
-3.737864070558794
0.3562608722190008
2.3976981719412827
None
None
None
0.34776061281167026
0.3253849299600208
0.3422604449598682
None
0.34638557084871974
0.37576146732993565
0.37451142918179875
0.33388518936735134
0.3191347392193365
0.3517607348857082
0.3445105136265145
0.35051069673757135
0.34976067384868925
None
0.34038538773766286
0.35938596758934294
0.35051069673757135
0.34813562425611133
0.33826032288583024
0.3275099948118534
0.34063539536729026
0.3612610248115482
0.36026099429303876
0.33951036103396715
0.3525107577745903
0.3373852961821344
0.35838593707083344
0.36963628040406504
0.34776061281167026
0.34776061281167026
0.7123967406231879
0.7228970610675375
0.6958962370677816
0.692146122623371
None
1.7273027130954923
0.7072715842158269
0.7230220648823511
2.7860850245674
0.7205219885860775
0.7125217444380016
0.7322723471785638
0.7300222785119175
0.700896389660329
0.7288972441785944
0.7105216834009828
0.7297722708822901
0.7490228583635975
0.743272682882168
0.7420226447340312
0.7167718741416669
0.7115217139194921
None
0.8732766502883998
1.044031861323893
1.070532670064394
1.022281197546312
1.0564072389904478
1.0192811059907834
1.011905880916776
0.8966523636585589
0.9177780083620717
0.9279033173619801
0.9327784661397137
0.9171529892880032
0.939028656880398
0.9577792291024506
0.9500289925840023
0.9662794885097812
0.960029297769097
0.958404248176519
0.9340285042878507
0.964779442732017
None
0.9539041108432265
0.9516540421765801
0.9387786492507706
None
0.9130278633991517
0.9361535691396832
0.9357785576952421
0.9420287484359264
0.9289033478804896
0.9389036530655843
0.9544041261024812
0.9399036835840938
0.9634044007690664
None
0.9730296945097201
0.9594042786950285
0.9594042786950285
0.9206530961027863
0.9310284127323222
0.9496539811395612
0.9661544846949676
0.9614043397320474
0.9654044618060854
0.9356535538804285
0.9864051026947844
0.9864051026947844
1.1964115115817744
1.171285744804224
None
1.1559102755821407
1.1747858516190068
1.1727857905819878
1.167660634174627
1.2286624958037051
1.1841611377300334
1.18066103091525
1.1976615497299112
1.211161961729789
1.1987865840632344
1.234287667470321
1.2042867519150364
1.237412762840663
1.1939114352855007
1.195286477248451
1.217537156285287
1.1950364696188238
1.1980365611743522
1.1845361491744744
None
1.1677856379894407
1.2086618854335154
1.2011616565446943
1.1876612445448163
1.2152870876186406
1.201661671803949
1.201661671803949
1.223912350840785
1.1684106570635089
1.1641605273598439
1.1845361491744744
1.1791609851374858
1.2045367595446639
[-0.00037501144444105353, -0.0001585018215566876]
[0.02075063325907163, 0.009162126593554091]
[0.02075063325907163, 0.009162126593554091]
[-0.010375316629535815, -0.004289889650765661]
[0.00500015259254738, 0.0021377144259715573]
[0.015375469222083193, 0.006716008133563299]
[-0.006250190740684225, -0.0026080828288867993]
[0.0, 0.0]
None
[0.0056251716666158025, 0.0024080978316611793]
[0.012625385296182135, 0.005483961228918995]
[0.01275038911099582, 0.005539675547850502]
[0.0, 0.0]
[0.1881307412945952, 0.10662423234250197]
[0.4366383251441999, 0.29778264328374093]
[1.1000335703604236, 0.7771350809701859]
[1.5740480361339153, 0.9775682544678572]
[0.6635202490310373, 0.48257623988196485]
None
[0.43963841669972836, 0.3002411986947829]
[0.46326413769951474, 0.3196402199817114]
[0.44951371807000945, 0.308342399484143]
[0.44551359599597157, 0.3050594331719726]
[0.4426385082552568, 0.30270100809884204]
[0.4426385082552568, 0.30270100809884204]
[0.4507637562181463, 0.309368702908029]
[0.47063936277352214, 0.3257062677147984]
[0.4468886379589221, 0.30618773943668276]
None
[0.4605140537736137, 0.3173792951030757]
[0.4450135807367168, 0.3046491973369989]
[0.467139255958739, 0.32282702218195714]
[2.4937011017181923, 1.8404246356965106]
[0.4450135807367168, 0.3046491973369989]
[0.4598890346995453, 0.3168655336593276]
[0.32688497573778497, 0.20939564379055872]
[0.34038538773766286, 0.2200395078768474]
None
[0.3362602618488113, 0.21677838227131926]
[0.322509842219306, 0.20596469639240733]
[0.3070093691824091, 0.19388772391509634]
[0.35288576921903136, 0.22996624997898352]
None
None
[0.33538523514511553, 0.2160876074574385]
[0.3273849909970397, 0.20978834463907797]
[0.3238848841822566, 0.20704198334507193]
[0.32200982696005126, 0.20557318794177687]
[0.31488460951567127, 0.20000792400437412]
[0.32901004058961764, 0.21106544948982792]
[0.33226013977477337, 0.21362340725573503]
None
[0.336385265663625, 0.2168770926336267]
[0.30663435773796804, 0.4576815418936695]
[0.32888503677480396, 0.479439200321278]
[0.3246349070711386, 0.4752927792431296]
[0.31113449507126073, 0.4620957973174388]
[0.3281350138859218, 0.47870760606185964]
[0.32525992614520705, 0.4759026795205564]
[0.32525992614520705, 0.4759026795205564]
[0.32050978118228707, 0.47126571481612506]
None
[0.334010193182165, 0.4844379496833155]
[0.3412604144413587, 0.49151196115317775]
None
None
None
[1.1717857600634787, 1.9864569287350524]
[0.7763986938077945, 1.1118384133986094]
[0.5878929410687582, 0.7780815434167576]
[0.6015183568834499, 0.7983916593062885]
None
[0.3560108645893734, 0.5059428454844426]
[0.3643861201818903, 0.5141790291548554]
[0.3632610858485672, 0.5130703218927859]
[0.3656361583300272, 0.5154118718285849]
[0.3450105288857693, 0.4951743809840282]
[0.35001068147831665, 0.5000635907945989]
[0.3633860896633808, 0.5131934726374712]
[0.36501113925595874, 0.5147953239474654]
[0.376011474959563, 0.5256875829147837]
[0.44451356547746207, 0.596689923648122]
[0.5220159306619465, 0.6878886793843612]
[0.5023903317361981, 0.6634121489349611]
[0.5120156254768518, 0.6752885887909239]
[0.5048904080324716, 0.6664737123700196]
None
[0.5193908505508591, 0.6845549352325271]
[0.5105155796990876, 0.6734217185827917]
[0.5135156712546158, 0.6771614408133382]
[0.5177658009582813, 0.6825005989856141]
[0.6350193792535173, 0.8508605695079914]
None
[0.6791457258827479, 0.9255402716277703]
[0.6621452070680868, 0.8960175473150387]
[0.66564531388287, 0.9020190024212484]
[0.653394940031129, 0.8811885320836639]
[0.6461447187719352, 0.8690908258409107]
[0.6328943144016845, 0.8474242762550808]
[0.645019684438612, 0.8672289684581058]
[0.6495198217719046, 0.8747011783984766]
[0.6850209051789911, 0.9359605793691115]
[0.6562700277718436, 0.8860333864953549]
[0.6787707144383068, 0.9248789286347281]
[0.6786457106234932, 0.9246585819908306]
[0.6801457564012573, 0.9273060746973116]
[0.6902710654011658, 0.9453663604076816]
None
[0.6648952909939878, 0.9007296196839731]
[0.6551449934385205, 0.8841343630194953]
None
None
[0.8182749717703788, 1.2003373093525562]
[0.797149327066866, 1.1551358033948933]
[0.8335254371776483, 1.2336168403199692]
[0.8497759331034273, 1.269625683104263]
[0.862526322214423, 1.29823962474575]
[0.8474008606219672, 1.2643296077872042]
[0.845525803399762, 1.2601563312324036]
[0.8624013183996093, 1.297957656783303]
[0.8504009521774957, 1.2710212109041348]
None
None
[0.8185249794000061, 1.2008786360550139]
[0.8027744987334818, 1.1670649209397679]
[0.8279002655110325, 1.2212813708444612]
None
[0.8371505478072451, 1.2416024235571625]
[0.8141498458815272, 1.1914264782621613]
[0.861776299325541, 1.2965482315320096]
[0.8909021881771294, 1.3629048993984854]
[0.8599012421033357, 1.2923241299477284]
None
[0.904902615436262, 1.3952297386236805]
[0.8856520279549547, 1.3508485059608968]
[0.8961523483993042, 1.3749982684905224]
[0.9150279244361705, 1.4187460679907464]
[0.9075276955473495, 1.40131631080857]
[0.9385286416211432, 1.4736672712052457]
[0.9365285805841242, 1.4689786937747762]
[0.9311534165471358, 1.4563894860391078]
[0.9516540421765801, 1.5044799815602419]
[1.072532731101413, 1.7840106914840876]
[1.0482819910275583, 1.72953585571367]
[1.0536571550645466, 1.7417227901470227]
[1.0636574602496414, 1.7642315937706998]
[1.059032319101535, 1.7538490652080192]
None
[1.042406811731315, 1.7161506778225322]
[1.0776578875087741, 1.7953400064890546]
[1.2141620532853177, 2.0576717597973384]
[1.2096619159520248, 2.0506732182387637]
[1.2299125339518417, 2.0809985562304236]
[3.271599841303751, -112.2770233912656]
[1.2467880489516892, 2.1038469727353135]
[1.225912411877804, 2.0752511743765005]
[1.1875362407300027, 2.0142588136336954]
[1.193286416211432, 2.0240310842062046]
None
[1.208036866359447, 2.048110856994715]
[1.2435379497665335, 2.099627308203627]
[1.4964206671346172, 2.050268972557622]
None
[1.49379558702353, 2.055985400994437]
[1.4977957090975678, 2.047219150385341]
[1.4731699575792718, 2.0961691924753962]
[1.4780451063570055, 2.0874158783806416]
[1.5120461439863278, 2.013327360686565]
[1.4991707510605183, 2.04413098270236]
None
[1.2252873928037353, 2.074342065855213]
[0.8725266273995178, 1.3208840431934767]
[0.8770267647328105, 1.331127798930995]
[0.9090277413251137, 1.4047976800583455]
[0.9357785576952421, 1.4672210376716834]
[0.9425287636951811, 1.4830504363729866]
[0.9129028595843379, 1.4138019480863453]
[0.9206530961027863, 1.4318535023253358]
[0.9062776573992126, 1.3984170053587666]
[0.8856520279549547, 1.3508485059608968]
[0.8851520126957, 1.3497022894181336]
[0.9229031647694327, 1.4371041091338475]
[0.9172779931028169, 1.4239856446431314]
[0.9570292062135686, 1.5171139207769708]
[0.9411537217322306, 1.4798241223631274]
[0.9349035309915464, 1.4651708413987143]
[1.3361657765434736, 2.180202199030894]
[1.351166234321116, 2.184327656393286]
[1.106158757286294, 1.856916470192341]
[0.7510229194006165, 1.0604921305078583]
[0.738147526474807, 1.0351506509074033]
[0.7585231482894376, 1.0754780039804799]
[0.8421507003997925, 1.2526621468950383]
[0.8774017761772516, 1.3319828853702362]
[0.8800268562883389, 1.3379745472898814]
[0.9367785882137516, 1.469564648447232]
[0.9535290993987854, 1.5088864765122736]
[0.9164029663991211, 1.421947478315317]
[0.9104027832880642, 1.4079910000128]
[0.9765298013245034, 1.562962123478532]
[1.0061557054353465, 1.6323764787210737]
[1.022281197546312, 1.6698583327506142]
None
[1.028531388286996, 1.684300712893907]
[1.0090307931760614, 1.639079597350769]
[1.0090307931760614, 1.639079597350769]
[1.032906521805475, 1.694376908052416]
[1.0181560716574602, 1.660298135663528]
[1.0234062318796349, 1.672461887221023]
[-3.117345133823664, -528.7076125192306]
[0.9786548661763359, 1.5679553887288717]
[0.9874051332132938, 1.5884993850791953]
[1.0079057588427383, 1.6364575756595268]
[1.1392847682119207, 1.9247811624969806]
[1.1234092837305827, 1.8928174104484135]
[1.10703378398999, 1.858764471752934]
[1.123284279915769, 1.8925614600055374]
None
[1.3197902768028809, 2.172575811622997]
[1.01340592669454, 1.649264202055734]
[1.022656208990753, 1.6707263689992158]
[1.017406048768578, 1.658557671722488]
[1.0192811059907834, 1.6629075611731605]
[1.0651575060274057, 1.7675881550516284]
[1.0715327005829036, 1.7817919822069674]
None
None
[1.0576572771385846, 1.7507529966897826]
[1.0969084749900815, 1.8372167823450147]
[1.068157597582934, 1.7742849316710698]
[1.0636574602496414, 1.7642315937706998]
[1.0716577043977173, 1.7820694626762212]
[1.0702826624347666, 1.7790149668775266]
[1.050782067323832, 1.7352114818621938]
[1.0545321817682425, 1.743701077109343]
[1.028156376842555, 1.6834357132250823]
[1.0339065523239845, 1.6966759091178107]
[1.0569072542497024, 1.7490624698583481]
[1.0609073763237404, 1.7580641302766056]
[1.0969084749900815, 1.8372167823450147]
[1.0901582689901426, 1.822661550912183]
[1.0911582995086522, 1.8248270332490542]
[1.0337815485091708, 1.6963886204083436]
[1.0877831965086826, 1.8175061251834062]
[1.0437818536942656, 1.7192891593823214]
[1.044031861323893, 1.7198594203176398]
None
[1.0150309762871184, 1.6530418592971872]
[1.0382816858424635, 1.7067150129351822]
None
[1.0312814722128971, 1.6906377054131547]
[1.0509070711386457, 1.7354949345652422]
[1.0227812128055667, 1.6710156735170827]
[1.0212811670278024, 1.6675426780464289]
[1.0354065981017486, 1.7001214220539205]
[1.0485319986571855, 1.730103975819039]
[1.0715327005829036, 1.7817919822069674]
[1.0740327768791773, 1.7873338522715878]
[1.0759078341013824, 1.791479401194473]
None
[1.088408215582751, 1.8188644944501915]
[1.0785329142124698, 1.7972671567260732]
[1.0857831354716636, 1.8131513976080011]
[1.0474069643238624, 1.7275464742063327]
[1.0536571550645466, 1.7417227901470227]
[1.0309064607684562, 1.6897742371173896]
[1.0052806787316506, 1.6303348697969815]
[1.0052806787316506, 1.6303348697969815]
None
None
[1.0255312967314678, 1.6773750944642805]
[1.0379066743980225, 1.7058557635363818]
[1.038906704916532, 1.7081465632073876]
[1.061032380138554, 1.758344849955583]
[1.0676575823236794, 1.7731703384710884]
[1.0651575060274057, 1.7675881550516284]
[1.096658467360454, 1.8366803293612963]
[1.094283394878994, 1.8315738124164853]
[1.059157322916349, 1.7541303167857731]
[1.0667825556199837, 1.7712183128415875]
[1.0667825556199837, 1.7712183128415875]
None
[1.0344065675832392, 1.6978248150656645]
[1.0506570635090182, 1.7349279975391032]
[1.0605323648792992, 1.7572217564849644]
[1.0629074373607592, 1.7625513100360668]
[1.0934083681752984, 1.8296878536227088]
[1.0602823572496718, 1.7566599955205588]
[1.0680325937681203, 1.7740063415940175]
[1.057782280953398, 1.7510346308364007]
[1.0341565599536118, 1.6972504119680805]
[1.0204061403241067, 1.6655154315984522]
[1.034531571398053, 1.6981119790842185]
[1.0361566209906308, 1.701842810581526]
[1.0362816248054447, 1.7021296189128683]
[1.0260313119907225, 1.6785302454946267]
[1.0817830133976256, 1.8044063750469919]
[1.0724077272865995, 1.7837334950121049]
[1.0824080324716943, 1.8057758570832445]
[1.063782464064455, 1.7645115119093746]
None
None
[1.0256563005462813, 1.6776639147160535]
[1.024656270027772, 1.675352751079231]
[1.019406109805597, 1.6631974019785583]
[1.0454069032868434, 1.7229937802045043]
[1.0514070863979004, 1.7366284281506235]
[1.0552822046571246, 1.7453954588384972]
None
None
[1.0272813501388591, 1.6814165920673916]
[1.0141559495834223, 1.6510080992312317]
[1.0022805871761225, 1.6233299545568332]
[1.0372816553239539, 1.7044231534517]
[1.0446568803979612, 1.7212845664931162]
[1.034531571398053, 1.6981119790842185]
[1.0541571703238013, 1.742853437801926]
[1.049532029175695, 1.7323752241870625]
[1.049532029175695, 1.7323752241870625]
[1.0290314035462507, 1.6854537271828782]
[1.0754078188421277, 1.790374843459758]
[1.0557822199163793, 1.7465243778063693]
[1.0736577654347361, 1.7865036178169693]
[1.0767828608050785, 1.793410748394861]
[1.0722827234717855, 1.783456257807026]
[1.0536571550645466, 1.7417227901470227]
[1.0717827082125309, 1.7823469027364118]
[1.0717827082125309, 1.7823469027364118]
None
[1.0830330515457625, 1.8071442114083003]
[1.090783288064211, 1.8240153434747843]
[1.0780328989532153, 1.7961661872188728]
[1.070532670064394, 1.7795706901976018]
[1.095533433027131, 1.8342637473214571]
[1.0635324564348279, 1.76395163864371]
[1.0419067964720603, 1.7150085617178341]
[1.0496570329905088, 1.7326589907843646]
[1.0476569719534898, 1.7281150208900846]
[1.0110308542130804, 1.6437378728108145]
[1.0341565599536118, 1.6972504119680805]
[1.0472819605090486, 1.727262155477849]
None
[1.0534071474349191, 1.7411572692880402]
[1.0524071169164098, 1.7388938819467947]
[1.096783471175268, 1.8369485816414177]
[1.101158604693747, 1.8463045091154506]
[-3.0287174291207615, -479.97793938696645]
[1.0647824945829647, 1.7667495190823828]
[1.0595323343607899, 1.7549738607526226]
[1.0337815485091708, 1.6963886204083436]
[1.024656270027772, 1.675352751079231]
[1.0391567125461594, 1.7087189959349294]
None
[1.0220311899166845, 1.669279540149252]
[1.0502820520645773, 1.7340773553623943]
[1.0445318765831477, 1.7209995953070685]
[1.0429068269905697, 1.7172923424266053]
[1.0429068269905697, 1.7172923424266053]
None
[1.0407817621387372, 1.7124371663177573]
[1.0275313577684866, 1.68199359583839]
[1.0517820978423413, 1.7374782138135787]
[1.0445318765831477, 1.7209995953070685]
[1.0294064149906919, 1.6863182472501665]
[1.0406567583239235, 1.712151317214762]
[1.0662825403607288, 1.7701020254811235]
None
[1.0659075289162878, 1.7692644096868166]
None
[1.0780328989532153, 1.7961661872188728]
[1.053157139805292, 1.7405916176257135]
[1.0762828455458235, 1.7923073760310237]
[1.0314064760277106, 1.6909254806210234]
[1.0584073000274667, 1.752442282758957]
[1.0140309457686087, 1.6507174926130137]
[1.0092808008056886, 1.639662100895853]
[1.06190740684225, 1.7603088801181963]
None
[1.0744077883236183, 1.7881637137917532]
[1.0465319376201667, 1.725555610897667]
[1.0964084597308268, 1.8361436703000735]
None
[1.0764078493606373, 1.7925832828830472]
[1.0525321207312235, 1.7391769189145614]
[1.0441568651387065, 1.7201445075008244]
[1.0324065065462202, 1.6932268192177378]
[1.0397817316202276, 1.710149605814311]
None
[1.0434068422498244, 1.718433552313186]
None
[1.0287813959166234, 1.684877265714663]
[1.0704076662495805, 1.7792928484726978]
[1.0520321054719688, 1.738044577519834]
[1.055157200842311, 1.7451131452739994]
[1.0846581011383403, 1.810696605271025]
[1.048406994842372, 1.7298199310904736]
[1.0231562242500076, 1.6718834637075624]
[1.0109058503982664, 1.6434468494748895]
[1.051532090212714, 1.7369117219835335]
None
[1.1059087496566666, 1.8563879656956015]
[1.0472819605090486, 1.727262155477849]
[1.02865639210181, 1.6845890006991073]
None
[1.0436568498794518, 1.7190039857310304]
[1.0906582842493973, 1.8237446824391226]
[1.0774078798791467, 1.7947890041574497]
[1.0682826013977476, 1.774563482843667]
None
None
[0.988530167546617, 1.5911383437875313]
[1.063032441175573, 1.7628314493109833]
None
[1.0341565599536118, 1.6972504119680805]
None
[1.0819080172124393, 1.8046803613392624]
None
[1.0581572923978393, 1.7518793259609189]
[1.0896582537308879, 1.8215776422745074]
[-3.0509681081575977, -491.8820971533567]
[1.0300314340647603, 1.6877586517646601]
[1.0439068575090793, 1.7195743042613283]
[1.030531449324015, 1.6889105558378037]
[1.026656331064791, 1.679973693981506]
[1.0712826929532762, 1.7812369002570763]
[1.034531571398053, 1.6981119790842185]
None
None
None
[1.0761578417310098, 1.7920314267625628]
None
[1.081658009582812, 1.8041323439227503]
[1.0756578264717551, 1.7909272066149136]
[1.0801579638050478, 1.800840493629785]
[1.021781182287057, 1.6687006665775055]
None
None
[1.0394067201757866, 1.7092913209899394]
[1.0361566209906308, 1.701842810581526]
None
[1.0565322428052615, 1.748216744676168]
[1.0457819147312846, 1.723847990452637]
[1.0692826319162572, 1.7767904852382]
[1.0726577349162267, 1.7842878471689083]
[1.0985335245826595, 1.8406986719946903]
[1.0552822046571246, 1.7453954588384972]
[1.3304156010620443, 2.17788611170478]
[1.0371566515091404, 1.7041365527184023]
[1.0371566515091404, 1.7041365527184023]
[1.0116558732871486, 1.6451927468802472]
None
[1.049532029175695, 1.7323752241870625]
[1.026656331064791, 1.679973693981506]
[1.0357816095461898, 1.7009822314226368]
[1.064157475508896, 1.7653510438659517]
None
[1.0124058961760307, 1.6469380559103914]
[1.0190310983611561, 1.6623278220142446]
[1.0629074373607592, 1.7625513100360668]
[1.0441568651387065, 1.7201445075008244]
[1.0602823572496718, 1.7566599955205588]
[1.0841580858790856, 1.8096043852628436]
[1.0394067201757866, 1.7092913209899394]
[1.0549071932126834, 1.744548417921075]
[1.0604073610644857, 1.7569408938113988]
[1.0272813501388591, 1.6814165920673916]
[1.047531968138676, 1.727830762694036]
[1.0536571550645466, 1.7417227901470227]
None
[1.037656666768395, 1.6759119956718118]
[1.037656666768395, 1.6759119956718118]
[1.0442818689535205, 1.690125116195747]
None
[1.0340315561387983, 1.668154465112297]
[1.0312814722128971, 1.6622786236052383]
[1.0311564683980836, 1.6620117281165474]
[1.0230312204351941, 1.6446986277599387]
[1.0092808008056886, 1.6155570636040244]
[1.0861581469161046, 1.7810264316792634]
[1.0287813959166234, 1.6569438234899605]
[1.047531968138676, 1.6971143989378055]
[1.0430318308053834, 1.6874398765180303]
None
[1.0385316934720907, 1.6777865652428603]
[1.0385316934720907, 1.6777865652428603]
[0.6403945432905057, 0.9076883212641185]
[0.3396353648487808, 0.4360252471344723]
[0.3531357768486587, 0.4551661886028927]
[0.3451355327005829, 0.44380036426697306]
[0.34251045258949553, 0.4400855603686018]
None
[0.341135410626545, 0.43814259123336086]
[0.3628860744041261, 0.46910892537558707]
[0.34388549455244605, 0.4420305098653376]
[0.3427604602191229, 0.4404390402502112]
[0.3415104220709861, 0.43867229550712133]
[0.3415104220709861, 0.43867229550712133]
[0.3327601550340281, 0.42635090885247984]
[0.504765404217658, 0.683260036382229]
[0.6112686544389172, 0.8578686044020595]
[0.5296411633655812, 0.7229796266740819]
[0.7192719504379407, 1.0470692227423044]
[0.6473947569200721, 0.9197945975139917]
[0.6133937192907498, 0.8614734702447191]
None
[0.6507698599200415, 0.9256498909365733]
[0.6335193334757531, 0.8958481876382358]
[0.6181438642536699, 0.869548508779724]
[0.63714444410535, 0.9020849969692092]
[0.6321442915128026, 0.8934861019975439]
[0.6218939786980805, 0.8759402331584992]
[0.616518814661092, 0.8667833360203085]
None
[0.6416445814386426, 0.9098463919852361]
[0.6383944822534867, 0.9042388123681063]
[0.6333943296609393, 0.8956333707468714]
[0.6477697683645132, 0.9204445964735951]
[0.6460197149571215, 0.9174125282254881]
[0.6443946653645436, 0.9145999086233162]
[0.6293942075869015, 0.8887678718006443]
[0.6406445509201331, 0.9081198044753506]
[0.6126436964018677, 0.8602006245546026]
[0.6281441694387646, 0.8866258403709723]
[0.6381444746238594, 0.9038079183553356]
None
[0.661270180364391, 0.9439426605631176]
[0.6488948026978362, 0.9223954771500968]
[0.6433946348460341, 0.91287044058762]
[0.645019684438612, 0.9156813580609039]
[0.6420195928830836, 0.910494132350738]
[0.6420195928830836, 0.910494132350738]
[0.6426446119571521, 0.9115740269590528]
[0.6417695852534563, 0.9100622890737795]
[0.6232690206610308, 0.8782875561044113]
[0.6330193182164983, 0.894989018272522]
[0.6336443372905667, 0.896063020896224]
[0.6648952909939878, 0.9502848382189147]
[0.6362694174016541, 0.9005783000041044]
[0.6373944517349773, 0.9025156291159973]
[0.6491448103274636, 0.9228291862221828]
[0.6431446272164069, 0.9124382372449354]
[0.6352693868831446, 0.8988573426128488]
[0.6348943754387035, 0.8982122536404226]
[0.6138937345500046, 0.8623223613706087]
[0.635144383068331, 0.8986422965887496]
[0.6242690511795403, 0.8799959439284931]
[0.6407695547349468, 0.9083355706309026]
[0.6635202490310373, 0.947877564329568]
[0.6571450544755394, 0.9367424428386572]
[0.6542699667348246, 0.9317346493789315]
[0.6103936277352214, 0.8563856226750209]
[0.6392695089571825, 0.905747456961458]
[0.6281441694387646, 0.8866258403709723]
[0.6306442457350383, 0.8909115398927087]
[0.6311442609942931, 0.8917694653950042]
[0.6360194097720268, 0.900147962456547]
[0.6245190588091678, 0.880423204550753]
None
[0.6503948484756005, 0.9249987135800474]
[0.6521449018829921, 0.9280388014738773]
None
[0.6582700888088626, 0.9387043709863082]
[0.6482697836237679, 0.9213114908858011]
[0.6291441999572741, 0.8883393345817184]
[0.6418945890682699, 0.9102782025289466]
[0.6087685781426435, 0.8536336414144882]
[0.611768669698172, 0.8587163825975221]
[0.6492698141422772, 0.9230460653081615]
[0.6246440626239814, 0.8806368594118186]
[0.6372694479201636, 0.9023003048592911]
[0.6616451918088321, 0.9445981096084878]
[0.6407695547349468, 0.9083355706309026]
[0.6438946501052888, 0.9137350436724766]
[0.6340193487350078, 0.8967076188699324]
[0.6143937498092593, 0.8631715143624809]
[0.6465197302163762, 0.9182785061067544]
[0.621268959624012, 0.8748739228480412]
[0.642269600512711, 0.9109260410941921]
[0.638269478438673, 0.9040233571784089]
[0.6416445814386426, 0.9098463919852361]
[0.6540199591051973, 0.9312995982436838]
None
[0.658895107882931, 0.9397949039001737]
None
[0.6235190282906583, 0.8787145548606884]
[0.6381444746238594, 0.9038079183553356]
[0.642269600512711, 0.9109260410941921]
None
[0.6528949247718742, 0.9293426782829539]
[0.649769829401532, 0.923913745318316]
[0.6408945585497604, 0.9085513531530783]
None
[0.6488948026978362, 0.9223954771500968]
[0.6626452223273416, 0.9463466938609274]
[0.6296442152165288, 0.8891964744860658]
[0.6026433912167729, 0.8432856498726824]
[0.6333943296609393, 0.8956333707468714]
[0.6466447340311899, 0.9184950414936309]
[0.6387694936979278, 0.9048852761369421]
[0.6197689138462478, 0.872316447498583]
[0.6547699819940794, 0.9326049480489138]
[0.642269600512711, 0.9109260410941921]
[0.6495198217719046, 0.9234798725799909]
None
[0.6397695242164373, 0.9066098996519568]
[0.6416445814386426, 0.9098463919852361]
None
[0.6481447798089542, 0.9210947427328139]
[0.6162688070314646, 0.866358170325911]
[0.63714444410535, 0.9020849969692092]
[0.6483947874385816, 0.9215282554054125]
[0.6317692800683615, 0.8928422405219122]
[0.6616451918088321, 0.9445981096084878]
[0.6293942075869015, 0.8887678718006443]
[0.6328943144016845, 0.8947742668476532]
[0.6310192571794794, 0.8915549594694945]
[0.6296442152165288, 0.8891964744860658]
[0.6147687612537004, 0.8638085509559362]
[0.6242690511795403, 0.8799959439284931]
[0.6317692800683615, 0.8928422405219122]
[0.624019043549913, 0.8795687487727292]
[0.6361444135868405, 0.9003631230470138]
None
[0.630769249549852, 0.8911259967183468]
[0.6342693563646351, 0.8971374326855243]
[0.6342693563646351, 0.8971374326855243]
[0.6191438947721793, 0.8712515283511587]
[0.6333943296609393, 0.8956333707468714]
None
[0.6118936735129857, 0.8589283680629477]
[0.6430196234015931, 0.9122221601235289]
[0.6537699514755699, 0.9308646125749319]
None
[2.689582079531236, 6.643177261945331]
None
[0.31875972777489553, 0.40680349883608913]
[0.3580109256263924, 0.4621251101717455]
[0.3373852961821344, 0.43285364997459885]
[0.33701028473769346, 0.43232556599660704]
[0.33226013977477337, 0.4256492518754125]
[0.34101040681173134, 0.43796605587535525]
[0.31013446455275123, 0.39486309940551445]
[0.3450105288857693, 0.443623305177002]
[0.33113510544145025, 0.42407148112451076]
[0.33288515884884184, 0.4265263640133065]
[0.34101040681173134, 0.43796605587535525]
[0.34663557847834714, 0.4459263499432937]
[0.3486356395153661, 0.4487646636354802]
[0.33751029999694815, 0.4330297107005108]
[0.3560108645893734, 0.45926715653085]
[0.3203847773674734, 0.40906186271906786]
None
[0.31025946836756496, 0.39503559220741086]
[0.32150981170079657, 0.41062696570305235]
None
[0.49239002655110325, 0.6637414632713657]
[0.9129028595843379, 1.4168597140356904]
[0.9146529129917295, 1.4203809806728915]
[0.9457788628803369, 1.483545123556435]
[0.997280434583575, 1.5902862589725895]
[0.9800299081392865, 1.554223732824782]
[1.0037806329538865, 1.6039558880635143]
[0.9487789544358654, 1.4896868507738608]
None
[1.0046556596575824, 1.6057994101489792]
[0.9815299539170508, 1.5573472314960353]
[0.9669045075838496, 1.5269936514387723]
[0.969529587694937, 1.5324252323536731]
[0.9542791222876675, 1.5009711684751985]
[0.9974054383983887, 1.5905487191061973]
[1.0074057435834836, 1.6115985576563292]
[0.992905301065096, 1.581110465269392]
[1.0101558275093845, 1.6174056266096581]
[0.9962804040650655, 1.588187167102189]
[0.9841550340281381, 1.562819025205918]
[0.9692795800653097, 1.5319076279673518]
[1.011530869472335, 1.6203121316285651]
[0.9730296945097201, 1.5396785677442195]
[0.9851550645466476, 1.5649054165761531]
[1.0035306253242593, 1.603429314767283]
[1.0219061861018708, 1.64230687933479]
[1.0034056215094456, 1.6031660526691027]
[0.9986554765465254, 1.5931742206065902]
[1.0009055452131717, 1.5979042476965262]
[0.981404950102237, 1.5570868499236659]
[0.9732797021393476, 1.5401971541279764]
[0.9741547288430433, 1.5420127220197786]
[1.0096558122501298, 1.61634920669241]
[0.993280312509537, 1.5818961762745745]
[0.993280312509537, 1.5818961762745745]
[1.008405774101993, 1.6137093025629636]
[1.0264063234351635, 1.6518818272146103]
[0.9967804193243203, 1.589236582104398]
[0.9965304116946929, 1.588711841870046]
[0.9796548966948454, 1.5534432264060074]
[0.9657794732505265, 1.5246680405409017]
[0.9382786339915159, 1.46823204940516]
[0.9579042329172643, 1.5084258837588675]
[1.3521662648396253, 2.401344193795134]
[1.5612976470229194, 2.941066502028436]
[1.5525473799859615, 2.9175657292361263]
[1.1900363170262764, 2.0144451509128967]
[1.1770359202856533, 1.9846139760388435]
None
[1.1499100924710837, 1.9229401072725962]
[1.1614104434339427, 1.9489934458509066]
[1.1504101077303384, 1.9240699805980161]
[1.1502851039155249, 1.9237874877167256]
[1.1574103213599047, 1.9399157030820917]
[1.188286263618885, 2.010419104860625]
[1.1651605578783533, 1.9575190506569193]
[1.1617854548783837, 1.9498453434832386]
[1.1765359050263986, 1.98347015834984]
None
[1.1561602832117681, 1.937082345457862]
[1.1522851649525436, 1.9283093378122511]
[1.1414098330637532, 1.9037723262358188]
[1.1334095889156774, 1.8858011943500725]
[1.1454099551377912, 1.9127830313130398]
[1.1385347453230386, 1.8973062338511988]
[1.1642855311746574, 1.9555284253556235]
[1.1740358287301247, 1.9777549978945632]
[1.1722857753227331, 1.9737582808323637]
None
[1.1851611682485428, 2.003237715639303]
None
[1.1805360271004366, 1.9926280321093874]
[1.1586603595080416, 1.9427506973687148]
[1.1574103213599047, 1.9399157030820917]
[1.1737858211004975, 1.977183841914762]
[1.1285344401379438, 1.8748829082213478]
[1.1244093142490923, 1.8656638019693412]
[1.1244093142490923, 1.8656638019693412]
[1.1472850123599965, 1.9170125685529205]
[1.129159459212012, 1.8762812973312273]
[1.1727857905819878, 1.9748998726605136]
[1.1851611682485428, 2.003237715639303]
[1.1699107028412732, 1.9683392957559789]
[1.4421690115054782, 2.62800651556022]
None
[1.1527851802117983, 1.9294404550010893]
[1.1502851039155249, 1.9237874877167256]
[1.2006616412854396, 2.0389578645147073]
[1.1792859889522997, 1.9897643962308973]
[1.175535874507889, 1.981183308569781]
None
[1.1820360728782007, 1.9624423929129802]
[1.1820360728782007, 1.9624423929129802]
[1.1310345164342173, 1.8554703814844662]
[1.1365346842860196, 1.866907273534365]
[1.1615354472487565, 1.9191957249560914]
[1.1550352488784448, 1.9055530094740045]
[1.1765359050263986, 1.9508068903410425]
[1.1744108401745659, 1.9463177850488673]
None
[1.1976615497299112, 1.9956287809413398]
None
[1.1811610461745048, 1.960589684333066]
None
[1.1796610003967405, 1.957415026168068]
[1.177910946989349, 1.9537135152466545]
None
[1.12128421887875, 1.8352548938335638]
[1.1666606036561176, 1.9299761234368646]
None
[1.1586603595080416, 1.9131573113019826]
None
[1.1876612445448163, 1.974367171240822]
None
[1.564172734763634, 2.8296234592969918]
[1.5897985168004394, 2.891922190189282]
[1.578923184911649, 2.865419563506074]
[1.5862984099856563, 2.883382366162615]
[1.5254215521713919, 2.7364055127551126]
None
None
[1.5620476699118016, 2.8244806233048703]
[1.5897985168004394, 2.891922190189282]
None
[1.592298593096713, 2.8980280168573427]
[1.5589225745414594, 2.8169241395961664]
[1.580923245948668, 2.870286566162739]
[1.4442940763573107, 2.545108290858608]
[1.4289186071352276, 2.5094419564690105]
[1.4082929776909696, 2.461891515734503]
[1.4179182714316232, 2.4840397076463288]
None
[1.3955425885799737, 2.4326655589322046]
[1.379167088839381, 2.39531951562141]
[1.372916898098697, 2.3811214140421306]
None
[1.4145431684316538, 2.4762650880235024]
[1.4126681112094486, 2.471949761138124]
[1.4304186529129916, 2.5129133399444075]
[1.4262935270241401, 2.503371332249321]
[1.4254185003204445, 2.501349006116932]
[1.39066743980224, 2.4215250242711654]
[1.3934175237281412, 2.4278071094973965]
[1.3981676686910611, 2.438672120841901]
None
[1.265788628803369, 2.1425855009306343]
[1.0584073000274667, 1.706702932972168]
[1.0249062776573992, 1.6394912111077455]
[1.0062807092501602, 1.6025087481845022]
[0.9994054994354076, 1.5889270717273358]
[1.0041556443983275, 1.5983067700169087]
[1.0540321665089878, 1.6978747186425402]
[1.0684076052125615, 1.7269387520643504]
[1.0639074678792688, 1.7178228120734267]
[1.070157658619953, 1.7304881801035032]
[1.0896582537308879, 1.7702033837187383]
[1.0632824488052004, 1.7165579803744886]
[1.0382816858424635, 1.6662189279328183]
[1.0672825708792384, 1.7246582603746599]
[1.096658467360454, 1.7845337343708367]
[1.1484100466933194, 1.8916824391847924]
[3.1652215948973055, 7.722786882479184]
[1.1461599780266731, 1.886979603547569]
[1.094658406323435, 1.7804353802280384]
[1.0797829523606066, 1.7500534803705394]
[1.12603436384167, 1.8450940401651925]
[1.0992835474715414, 1.7899176418773037]
[1.1269093905453658, 1.8469084676086467]
[1.1420348521378216, 1.878368173449565]
None
[1.1626604815820796, 1.9215603681819058]
[1.1104088869899595, 1.8127958563476887]
[1.2189121982482374, 2.0410732176384383]
[1.3211653187658317, 2.264752200861593]
[1.3211653187658317, 2.264752200861593]
None
[1.3370408032471695, 2.3002240053789427]
[1.3319156468398083, 2.2887506154019706]
[1.332915677358318, 2.290987688741473]
[1.3276655171361431, 2.2792519078494915]
[-2.7753346964934233, -0.20373968152773797]
[1.3199152806176948, 2.261967639906242]
[1.3290405590990935, 2.2823234504207255]
[1.3276655171361431, 2.2792519078494915]
[1.341915952024903, 2.31115706297678]
[1.3430409863582262, 2.3136827548320724]
[1.3509162266914885, 2.3313907227357045]
[1.2902893765068515, 2.196336509217653]
[1.3061648609881893, 2.2314193143927294]
[1.2902893765068515, 2.196336509217653]
[1.3114150212103641, 2.2430655122170777]
[1.315790154728843, 2.252787387090584]
[1.3361657765434736, 2.298263658229392]
[1.3120400402844326, 2.244453421427956]
[1.3262904751731925, 2.2761818657698387]
[1.3089149449140904, 2.2375169755627815]
[1.2947895138401442, 2.2062609289535113]
None
None
[1.307789910580767, 2.2350217523671194]
[1.3001646778771325, 2.2181361596568867]
[1.3075399029511399, 2.234467394731965]
[1.2939144871364483, 2.2043299219947166]
[1.283664174321726, 2.181754805124941]
[1.332040650654622, 2.289030206166759]
[1.3381658375804926, 2.3027453445685735]
[1.3184152348399305, 2.258627803659728]
None
[1.3069148838770714, 2.233081717657323]
[1.2835391705069126, 2.1814800134530614]
[1.2809140903958252, 2.1757122529184225]
[1.2784140140995515, 2.1702242319576546]
[1.3219153416547138, 2.266423532671133]
[1.339915890987884, 2.3066694242743004]
[1.3121650440992463, 2.2447310404724026]
None
[1.2759139378032778, 2.164741171299635]
None
None
[1.2891643421735284, 2.193857915436955]
[1.3175402081362348, 2.256680390499594]
[1.326915494247261, 2.2775771534310554]
None
[1.3195402691732536, 2.261132513434396]
